185308	361
186810	278
186811	228
186812	117
186901	133
186902	189
186903	272
186904	306
186905	311
186906	322
186907	339
186908	356
186909	294
186910	256
186911	222
186912	183
187401	161
187402	156
187403	167
187404	183
187405	283
187406	339
187407	278
187408	300
187409	300
187410	239
187411	211
187412	128
187501	67
187502	100
187503	139
187504	200
187505	233
187506	289
187507	344
187508	283
187509	322
187510	244
187511	128
187512	178
187601	200
187602	133
187603	189
187604	206
187605	306
187606	333
187607	367
187608	339
187609	306
187610	233
187611	228
187612	94
187701	111
187702	150
187703	144
187704	244
187705	317
187706	317
187707	400
187708	367
187709	317
187710	261
187711	200
187712	178
187801	139
187802	161
187803	206
187804	261
187805	289
187806	344
187807	361
187808	378
187809	344
187810	267
187811	189
187812	183
187901	150
187902	206
187903	278
187904	250
187905	300
187906	344
187907	367
187908	378
187909	339
187910	308
187911	247
187912	178
188001	183
188002	217
188003	222
188004	267
188005	356
188006	344
188007	372
188008	350
188009	344
188010	272
188011	200
188012	122
188101	122
188102	194
188103	256
188104	272
188105	339
188106	350
188107	361
188108	400
188109	383
188110	328
188111	219
188112	194
188201	150
188202	144
188203	222
188204	256
188205	300
188206	333
188207	367
188208	389
188209	322
188210	239
188211	222
188212	156
188301	133
188302	178
188303	217
188304	306
188305	317
188306	372
188307	383
188308	383
188309	367
188310	328
188311	200
188312	144
188401	100
188402	133
188403	172
188404	311
188405	311
188406	378
188407	394
188408	394
188409	356
188410	344
188411	211
188412	161
188501	156
188502	144
188503	211
188504	272
188505	344
188506	372
188507	406
188508	394
188509	350
188510	306
188511	217
188512	156
188601	139
188602	194
188603	200
188604	289
188605	372
188606	367
188607	378
188608	378
188609	356
188610	339
188611	217
188612	161
188701	228
188702	239
188703	256
188704	311
188705	356
188706	367
188707	389
188708	383
188709	378
188710	328
188711	233
188712	144
188801	167
188802	194
188803	267
188804	328
188805	339
188806	389
188807	406
188808	406
188809	344
188810	283
188811	261
188812	144
188901	144
188902	200
188903	233
188904	289
188905	339
188906	367
188907	389
188908	378
188909	344
188910	306
188911	233
188912	222
189001	244
189002	233
189003	239
189004	300
189005	333
189006	367
189007	417
189008	394
189009	356
189010	300
189011	267
189012	222
189101	189
189102	289
189103	289
189104	333
189105	356
189106	389
189107	406
189108	378
189109	361
189110	333
189111	300
189112	261
189201	278
189202	278
189203	294
189204	328
189205	356
189206	389
189207	406
189208	406
189209	350
189210	350
189211	311
189212	294
189301	283
189302	339
189303	378
189304	400
189305	433
189306	461
189307	478
189308	450
189309	428
189310	372
189311	317
189312	311
189401	289
189402	317
189403	350
189404	378
189405	406
189406	444
189407	478
189408	467
189409	456
189410	417
189411	350
189412	311
189501	306
189502	322
189503	378
189504	389
189505	444
189506	422
189507	433
189508	450
189509	444
189510	411
189511	328
189512	311
189601	306
189602	333
189603	372
189604	372
189605	472
189606	522
189607	478
189608	489
189609	444
189610	422
189611	333
189612	289
189701	383
189702	356
189703	383
189704	411
189705	444
189706	450
189707	494
189708	483
189709	450
189710	400
189711	333
189712	294
189801	317
189802	322
189803	344
189804	450
189805	428
189806	483
189807	483
189808	506
189809	478
189810	406
189811	356
189812	322
189901	311
189902	322
189903	378
189904	406
189905	428
189906	489
189907	489
189908	444
189909	478
189910	417
189911	322
189912	289
190001	300
190002	339
190003	378
190004	372
190005	422
190006	472
190007	511
190008	483
190009	428
190010	389
190011	350
190012	322
190101	306
190102	333
190103	394
190104	383
190105	406
190106	500
190107	472
190108	478
190109	439
190110	394
190111	350
190112	333
190201	317
190202	400
190203	422
190204	411
190205	428
190206	494
190207	467
190208	483
190209	456
190210	389
190211	350
190212	311
190301	328
190302	372
190303	361
190304	389
190305	439
190306	489
190307	467
190308	489
190309	483
190310	394
190311	361
190312	306
190401	328
190402	378
190403	406
190404	433
190405	450
190406	467
190407	467
190408	461
190409	450
190410	400
190411	344
190412	306
190501	328
190502	311
190503	344
190504	378
190505	433
190506	461
190507	528
190508	522
190509	461
190510	417
190511	361
190512	333
190601	350
190602	344
190603	361
190604	394
190605	417
190606	467
190607	489
190608	467
190609	433
190610	433
190611	378
190612	322
190701	333
190702	361
190703	394
190704	406
190705	417
190706	483
190707	489
190708	444
190709	467
190710	394
190711	356
190712	311
190801	350
190802	322
190803	406
190804	394
190805	394
190806	472
190807	483
190808	489
190809	433
190810	406
190811	356
190812	333
190901	322
190902	367
190903	383
190904	428
190905	411
190906	461
190907	467
190908	461
190909	439
190910	400
190911	367
190912	322
191001	317
191002	328
191003	378
191004	433
191005	494
191006	478
191007	472
191008	456
191009	489
191010	433
191011	356
191012	311
191101	350
191102	350
191103	378
191104	389
191105	417
191106	461
191107	478
191108	467
191109	450
191110	433
191111	356
191112	317
191201	328
191202	350
191203	356
191204	378
191205	433
191206	467
191207	450
191208	461
191209	439
191210	372
191211	333
191212	294
191301	306
191302	322
191303	372
191304	378
191305	411
191306	461
191307	494
191308	478
191309	450
191310	383
191311	367
191312	322
191401	333
191402	350
191403	356
191404	394
191405	428
191406	472
191407	461
191408	472
191409	433
191410	394
191411	367
191412	311
191501	283
191502	344
191503	361
191504	378
191505	422
191506	456
191507	450
191508	489
191509	444
191510	406
191511	378
191512	322
191601	322
191602	372
191603	400
191604	394
191605	439
191606	467
191607	456
191608	450
191609	439
191610	378
191611	344
191612	322
191701	339
191702	383
191703	378
191704	394
191705	411
191706	489
191707	467
191708	461
191709	444
191710	433
191711	344
191712	350
191801	356
191802	378
191803	378
191804	400
191805	400
191806	489
191807	456
191808	478
191809	433
191810	400
191811	339
191812	322
191901	306
191902	344
191903	344
191904	400
191905	428
191906	494
191907	483
191908	478
191909	439
191910	411
191911	339
191912	322
192001	350
192002	339
192003	367
192004	433
192005	433
192006	483
192007	500
192008	467
192009	439
192010	461
192011	333
192012	322
192101	317
192102	361
192103	372
192104	406
192105	422
192106	461
192107	467
192108	456
192109	444
192110	422
192111	378
192112	367
192201	333
192202	372
192203	378
192204	394
192205	428
192206	489
192207	483
192208	472
192209	467
192210	406
192211	333
192212	328
192301	361
192302	339
192303	372
192304	372
192305	433
192306	472
192307	461
192308	450
192309	456
192310	378
192311	317
192312	311
192401	306
192402	328
192403	383
192404	383
192405	439
192406	472
192407	456
192408	456
192409	456
192410	400
192411	372
192412	367
192501	322
192502	333
192503	372
192504	417
192505	461
192506	472
192507	489
192508	456
192509	444
192510	406
192511	333
192512	322
192601	311
192602	356
192603	350
192604	406
192605	417
192606	478
192607	472
192608	483
192609	428
192610	411
192611	383
192612	306
192701	317
192702	367
192703	400
192704	411
192705	456
192706	461
192707	478
192708	478
192709	433
192710	394
192711	356
192712	317
192801	333
192802	333
192803	411
192804	406
192805	439
192806	472
192807	483
192808	467
192809	456
192810	400
192811	339
192812	317
192901	322
192902	339
192903	389
192904	394
192905	422
192906	500
192907	478
192908	467
192909	472
192910	422
192911	356
192912	317
193001	311
193002	356
193003	400
193004	422
193005	422
193006	456
193007	472
193008	461
193009	461
193010	389
193011	367
193012	289
193101	300
193102	311
193103	367
193104	389
193105	450
193106	478
193107	489
193108	467
193109	456
193110	394
193111	367
193112	328
193201	328
193202	361
193203	389
193204	389
193205	422
193206	472
193207	456
193208	472
193209	467
193210	400
193211	350
193212	300
193301	317
193302	328
193303	378
193304	400
193305	439
193306	467
193307	489
193308	511
193309	472
193310	428
193311	389
193312	339
193401	311
193402	322
193403	400
193404	411
193405	461
193406	461
193407	500
193408	483
193409	472
193410	439
193411	367
193412	311
193501	339
193502	322
193503	378
193504	394
193505	400
193506	467
193507	478
193508	472
193509	444
193510	406
193511	333
193512	289
193601	328
193602	339
193603	389
193604	428
193605	433
193606	478
193607	494
193608	489
193609	444
193610	417
193611	356
193612	306
193701	333
193702	361
193703	372
193704	444
193705	450
193706	478
193707	489
193708	483
193709	472
193710	406
193711	350
193712	311
193801	328
193802	311
193803	372
193804	411
193805	456
193806	467
193807	478
193808	472
193809	450
193810	400
193811	367
193812	339
193901	317
193902	344
193903	389
193904	411
193905	450
193906	467
193907	494
193908	467
193909	456
193910	389
193911	328
193912	344
194001	317
194002	389
194003	389
194004	394
194005	428
194006	489
194007	478
194008	478
194009	433
194010	406
194011	367
194012	333
194101	300
194102	294
194103	328
194104	367
194105	428
194106	433
194107	483
194108	444
194109	433
194110	400
194111	367
194112	317
194201	311
194202	311
194203	367
194204	378
194205	444
194206	467
194207	494
194208	461
194209	444
194210	411
194211	350
194212	344
194301	356
194302	361
194303	378
194304	406
194305	428
194306	450
194307	500
194308	478
194309	456
194310	428
194311	356
194312	311
194401	317
194402	356
194403	378
194404	406
194405	406
194406	456
194407	467
194408	478
194409	456
194410	400
194411	339
194412	311
194501	311
194502	339
194503	406
194504	406
194505	422
194506	472
194507	478
194508	450
194509	472
194510	428
194511	350
194512	317
194601	317
194602	350
194603	411
194604	406
194605	444
194606	456
194607	461
194608	478
194609	461
194610	367
194611	372
194612	317
194701	344
194702	328
194703	378
194704	417
194705	472
194706	450
194707	478
194708	467
194709	478
194710	433
194711	372
194712	372
194801	333
194802	333
194803	367
194804	417
194805	444
194806	467
194807	478
194808	483
194809	489
194810	428
194811	350
194812	333
194901	317
194902	344
194903	372
194904	422
194905	428
194906	456
194907	483
194908	478
194909	472
194910	411
194911	372
194912	344
195001	356
195002	350
195003	417
195004	417
195005	433
195006	494
195007	500
195008	494
195009	500
195010	450
195011	367
195012	339
195101	344
195102	328
195103	361
195104	406
195105	467
195106	456
195107	472
195108	467
195109	456
195110	417
195111	361
195112	356
195201	328
195202	339
195203	394
195204	394
195205	428
195206	450
195207	478
195208	489
195209	478
195210	439
195211	378
195212	322
195301	322
195302	350
195303	383
195304	411
195305	433
195306	467
195307	483
195308	461
195309	461
195310	411
195311	372
195312	339
195401	317
195402	372
195403	422
195404	422
195405	406
195406	467
195407	489
195408	461
195409	439
195410	406
195411	339
195412	333
195501	306
195502	339
195503	378
195504	428
195505	444
195506	478
195507	467
195508	450
195509	461
195510	422
195511	350
195512	333
195601	339
195602	372
195603	383
195604	400
195605	433
195606	472
195607	467
195608	456
195609	472
195610	422
195611	372
195612	322
195701	350
195702	356
195703	361
195704	394
195705	433
195706	489
195707	483
195708	489
195709	456
195710	400
195711	333
195712	317
195801	300
195802	322
195803	333
195804	439
195805	450
195806	456
195807	494
195808	467
195809	450
195810	428
195811	339
195812	356
195901	311
195902	356
195903	350
195904	411
195905	406
195906	483
195907	478
195908	461
195909	450
195910	422
195911	367
195912	339
196001	328
196002	389
196003	367
196004	400
196005	444
196006	478
196007	489
196008	478
196009	456
196010	417
196011	350
196012	300
196101	322
196102	339
196103	378
196104	422
196105	411
196106	517
196107	517
196108	478
196109	433
196110	422
196111	339
196112	311
196201	350
196202	361
196203	367
196204	411
196205	417
196206	472
196207	472
196208	506
196209	461
196210	428
196211	383
196212	317
196301	339
196302	367
196303	383
196304	444
196305	433
196306	467
196307	489
196308	483
196309	461
196310	433
196311	350
196312	311
196401	317
196402	344
196403	367
196404	406
196405	422
196406	489
196407	506
196408	483
196409	439
196410	422
196411	339
196412	333
196501	339
196502	322
196503	361
196504	400
196505	417
196506	444
196507	478
196508	483
196509	444
196510	411
196511	361
196512	311
196601	300
196602	300
196603	383
196604	406
196605	433
196606	478
196607	483
196608	494
196609	456
196610	400
196611	383
196612	322
196701	317
196702	311
196703	378
196704	394
196705	461
196706	500
196707	506
196708	500
196709	444
196710	394
196711	367
196712	311
196801	311
196802	350
196803	350
196804	378
196805	461
196806	500
196807	494
196808	467
196809	461
196810	400
196811	344
196812	339
196901	344
196902	317
196903	378
196904	378
196905	461
196906	456
196907	494
196908	494
196909	478
196910	422
196911	361
196912	294
197001	317
197002	322
197003	356
197004	389
197005	444
197006	506
197007	511
197008	506
197009	467
197010	411
197011	356
197012	317
197101	361
197102	350
197103	400
197104	389
197105	411
197106	478
197107	511
197108	511
197109	489
197110	417
197111	328
197112	322
197201	356
197202	333
197203	378
197204	411
197205	450
197206	511
197207	533
197208	500
197209	461
197210	422
197211	350
197212	361
197301	322
197302	311
197303	333
197304	389
197305	450
197306	506
197307	511
197308	494
197309	444
197310	400
197311	350
197312	328
197401	333
197402	339
197403	378
197404	383
197405	467
197406	489
197407	494
197408	472
197409	467
197410	417
197411	339
197412	317
197501	344
197502	356
197503	394
197504	422
197505	444
197506	483
197507	500
197508	500
197509	467
197510	411
197511	356
197512	322
197601	322
197602	333
197603	394
197604	383
197605	444
197606	483
197607	494
197608	489
197609	483
197610	394
197611	367
197612	306
197701	300
197702	372
197703	356
197704	400
197705	439
197706	489
197707	500
197708	511
197709	467
197710	411
197711	344
197712	361
197801	294
197802	322
197803	361
197804	394
197805	433
197806	472
197807	489
197808	511
197809	450
197810	422
197811	344
197812	322
197901	311
197902	339
197903	339
197904	394
197905	433
197906	483
197907	506
197908	489
197909	478
197910	411
197911	328
197912	328
198001	306
198002	356
198003	361
198004	411
198005	422
198006	483
198007	511
198008	506
198009	456
198010	461
198011	356
198012	361
198101	300
198102	344
198103	344
198104	439
198105	439
198106	500
198107	489
198108	517
198109	450
198110	378
198111	361
198112	322
198201	328
198202	356
198203	383
198204	411
198205	428
198206	456
198207	500
198208	500
198209	478
198210	400
198211	344
198212	339
198301	328
198302	317
198303	367
198304	394
198305	472
198306	461
198307	494
198308	489
198309	456
198310	378
198311	356
198312	328
198401	311
198402	350
198403	400
198404	450
198405	478
198406	500
198407	522
198408	500
198409	467
198410	383
198411	333
198412	317
198501	322
198502	317
198503	350
198504	406
198505	428
198506	500
198507	511
198508	483
198509	456
198510	406
198511	344
198512	311
198601	311
198602	383
198603	389
198604	417
198605	467
198606	489
198607	489
198608	506
198609	478
198610	383
198611	350
198612	306
198701	317
198702	306
198703	322
198704	417
198705	422
198706	489
198707	511
198708	511
198709	478
198710	433
198711	333
198712	339
198801	294
198802	322
198803	378
198804	394
198805	439
198806	472
198807	528
198808	489
198809	494
198810	428
198811	367
198812	311
198901	333
198902	350
198903	394
198904	433
198905	456
198906	489
198907	528
198908	489
198909	461
198910	406
198911	356
198912	311
199001	339
199002	356
199003	372
199004	411
199005	439
199006	500
199007	517
199008	506
199009	483
199010	406
199011	356
199012	317
199101	317
199102	322
199103	406
199104	383
199105	417
199106	472
199107	522
199108	489
199109	483
199110	439
199111	350
199112	328
199201	300
199202	317
199203	328
199204	422
199205	439
199206	494
199207	500
199208	517
199209	450
199210	444
199211	350
199212	333
199301	306
199302	344
199303	367
199304	406
199305	422
199306	500
199307	483
199308	528
199309	483
199310	433
199311	333
199312	322
199401	322
199402	339
199403	361
199404	428
199405	444
199406	533
199407	528
199408	522
199409	472
199410	394
199411	350
199412	333
199501	300
199502	333
199503	383
199504	417
199505	439
199506	489
199507	528
199508	511
199509	483
199510	394
199511	356
199512	306
199601	311
199602	383
199603	378
199604	461
199605	467
199606	500
199607	517
199608	517
199609	506
199610	444
199611	372
199612	311
199701	361
199702	361
199703	367
199704	406
199705	472
199706	489
199707	494
199708	517
199709	478
199710	422
199711	406
199712	311
199801	311
199802	333
199803	394
199804	400
199805	422
199806	478
199807	539
199808	522
199809	461
199810	383
199811	361
199812	322
199901	328
199902	344
199903	372
199904	411
199905	439
199906	489
199907	506
199908	478
199909	450
199910	417
199911	361
199912	317
200001	322
200002	361
200003	378
200004	433
200005	500
200006	522
200007	511
200008	506
200009	478
200010	428
200011	333
200012	322
200101	317
200102	356
200103	361
200104	411
200105	483
200106	494
200107	528
200108	517
200109	456
200110	450
200111	367
200112	317
200201	339
200202	333
200203	389
200204	428
200205	478
200206	494
200207	533
200208	511
200209	472
200210	411
200211	344
200212	300
200301	344
200302	322
200303	356
200304	383
200305	494
200306	489
200307	533
200308	494
200309	478
200310	450
200311	339
200312	289
200401	294
200402	311
200403	389
200404	428
200405	450
200406	478
200407	500
200408	517
200409	478
200410	400
200411	333
200412	311
200501	317
200502	328
200503	361
200504	411
200505	456
200506	483
200507	539
200508	489
200509	456
200510	400
200511	367
200512	339
200601	356
200602	350
200603	378
200604	411
200605	467
200606	517
200607	528
200608	494
200609	478
200610	417
200611	367
200612	311
200701	317
200702	356
200703	389
200704	444
200705	444
200706	494
200707	539
200708	500
200709	500
200710	383
200711	356
200712	328
200801	333
200802	378
200803	400
200804	406
200805	489
200806	494
200807	528
200808	500
200809	478
200810	422
200811	350
200812	339
200901	350
200902	372
200903	372
200904	428
200905	478
200906	494
200907	533
200908	500
200909	478
200910	394
200911	378
200912	317
201001	311
201002	283
201003	344
201004	400
201005	411
201006	506
201007	517
201008	500
201009	483
201010	433
201011	383
201012	328
201101	317
201102	383
201103	372
201104	422
201105	433
201106	511
201107	506
201108	511
201109	472
201110	422
201111	350
201112	311
201201	328
201202	328
201203	350
201204	450
201205	472
201206	489
201207	533
201208	522
201209	483
201210	450
201211	361
201212	322
201301	339
201302	328
201303	378
201304	433
201305	461
201306	533
201307	539
201308	494
201309	472
201310	383
201311	344
201312	311
201401	322
201402	333
201403	367
201404	422
201405	472
201406	489
201407	522
201408	500
201409	483
201410	417
201411	344
201412	306
201501	317
201502	322
201503	394
201504	417
201505	461
201506	511
201507	517
201508	506
201509	478
201510	433
201511	372
201512	333
201601	311
201602	339
201603	372
201604	394
201605	461
201606	522
201607	528
201608	500
201609	461
201610	389
